358718052162067
357086050092301
352935053831542
911304253769289
014038003277906  
352584060750145
353490062312869
990004459981795
353024051351529
990001208421917
990004930312883 
358094051255801
359372045751450
358579052798734
99000145933199
990004382108599
352628060313295
990004945278178
99000450573643  
353411062862877
99000450582699  
864587025037491
354897064543961
355299050823409
353223054399366
99000474483001
353024055065232
357148050966452
356420059525154
35823905261695
353682060120829
356637058429605
355004052980359
35385206246574 
99000452200026  
35245206297178
355136053494079
358718053955287
354826050572668
990004378100659
355136055459831
357203050669083
990004939133520
352189061267378
355673067818760
356565056704937
356555051067315
99000428241692
351881061592695
359722054501677
355254062900836
990004916575776 
99000337053938  
352136060526700
354983057185182
352584062823601
352306050622138
353024053467307
352584064433300
355972054025938

